star,comment
4.5,null
4.0,null
4.0,null
4.0,null
