star,comment
5.0,Sheer perfection!
5.0,null
